00000001010010110100100000100000
00100000100000100000000010001010
00100000010000100000000010001010
00100000010000100000000010001010
00000001111100000111000000100101
00000000010000110000100000100100
00000000111010010010000000100111
10001100111110010000000000010001
10101111001010000000000000100110
00000000010000110000100000100100
00000000111010010010000000100111
00000001111100000111000000100101
00000000000001000100000001000000
00000000010000110000100000101010
00000000000001010100000001000010
00000001000000110111000000100010
00000000000001000000000000011010
00000000000000001101100000010010
00000000000000001111000000010000
00000001001100010000000000010100
00000010000010010011100000100110
00000000000001101001110111000011
00100000100001100000000001110101
